II.ALE , 82.5033 , -62.35 , 124.70612735565523 , 0.99 , 33.53566013584085 , 15.693103459964973 , 5.083201145981746 , -0.49 , ^ , 0
II.ARTI , 56.3879 , 58.3849 , 329.4830272822832 , 0.66 , 4.595693044168746 , 3.728938547209107 , 22.294407210403566 , 0.78 , ^ , 0
II.BFO , 48.3301 , 8.3296 , 338.7568370028514 , 0.96 , 10.921608819092867 , 9.079126900138252 , 4.313944169272921 , -0.32 , H , 0
IC.BJT , 40.0183 , 116.1679 , 348.5626523955282 , 0.94 , 3.597816383443606 , 9.925845216445628 , 11.064121194035463 , 0.05 , ^ , 0
II.BORG , 64.7474 , -21.3268 , 347.0635382323714 , 0.78 , 29.72724520283661 , 16.021912267140767 , 6.641646713947377 , -0.38 , o , 0
IU.COLA , 64.873599 , -147.8616 , 25.482737286676862 , 0.88 , 13.215850234045046 , 13.095613929928161 , 8.29330180534159 , -0.2 , o , 0
IU.COR , 44.5855 , -123.3046 , 23.122705437994775 , 0.95 , 8.749110425773717 , 7.903479802388954 , 7.619107902645226 , -0.02 , o , 0
MN.DIVS , 44.0981 , 19.9917 , 337.81424766360703 , 0.81 , 8.830624533123673 , 9.902923243462421 , 12.037771333466177 , 0.08 , ^ , 0
IC.HIA , 49.2704 , 119.7414 , 348.621520827314 , 0.96 , 8.443347430925312 , 6.963542201049991 , 13.225703824145373 , 0.28 , ^ , 0
IU.HRV , 42.5064 , -71.5583 , 20.668430571672413 , 0.5 , 3.59895087422488 , 3.1227424832213813 , 19.04749881885162 , 0.79 , o , 0
G.IVI , 61.205808 , -48.171178 , 26.712713250209333 , 0.76 , 6.4603665790798015 , 12.436354008446026 , 23.497177093197955 , 0.28 , ^ , 0
IU.KBS , 78.9154 , 11.9385 , 256.643533208326 , 0.99 , 23.406054507040423 , 15.578446958109527 , 20.457361337022732 , 0.12 , ^ , 0
II.KDAK , 57.7828 , -152.5835 , 20.540866885493436 , 0.96 , 11.147737483541661 , 7.7345558745404 , 11.881900997669087 , 0.12 , o , 0
IU.KEV , 69.7565 , 27.0035 , 304.09971154997044 , -0.13 , 3.239606669265835 , 6.058580341636935 , 38.015850195773325 , 0.8 , ^ , 0
IU.KIEV , 50.7012 , 29.2242 , 332.16295184126494 , 0.91 , 6.5560090397618405 , 6.104674593450701 , 19.46954109015913 , 0.5 , ^ , 0
IU.KONO , 59.6521 , 9.5946 , 326.6236428778928 , 0.96 , 13.786022100534593 , 12.896549048728476 , 29.131591757918226 , 0.35 , H , 0
II.LVZ , 67.8979 , 34.6514 , 310.63806082561257 , 0.36 , 4.787242873876495 , 8.304468868248774 , 45.46402133383387 , 0.74 , ^ , 0
IU.PAB , 39.5446 , -4.3499 , 348.1251059545585 , 0.96 , 15.08410819120709 , 13.441816301642207 , 6.514655786875211 , -0.31 , H , 0
IU.PET , 53.0233 , 158.6499 , 2.197906910556611 , 0.93 , 10.235607937333876 , 15.036643690677309 , 6.421319030749211 , -0.37 , ^ , 0
IU.RSSD , 44.1212 , -104.0359 , 24.727003101641035 , 0.93 , 6.608581077455317 , 6.420588472176452 , 24.534349512048713 , 0.58 , o , 0
DK.SCO , 70.485603 , -21.949699 , 322.3624621116705 , -0.34 , 62.175525374999005 , 13.559933145745074 , 21.303456519064017 , 0.2 , d , 0
IU.SFJD , 66.9961 , -50.62076 , 45.14552367939004 , 0.36 , 5.975700104870949 , 3.535524604339019 , 26.37587553722894 , 0.87 , ^ , 0
IU.SSPA , 40.6358 , -77.8876 , 21.23033396580235 , -0.23 , 2.319619278920764 , 3.6529207050077277 , 23.590445590171196 , 0.81 , o , 0
II.TLY , 51.6807 , 103.6438 , 343.0536798867712 , 0.81 , 10.100636863548848 , 9.918824329357632 , 4.853459651562063 , -0.31 , ^ , 0
IU.ULN , 47.8651 , 107.0532 , 344.86660469716327 , 0.87 , 7.021166173175205 , 7.34487919586108 , 17.48311333585107 , 0.38 , ^ , 0
IC.WMQ , 43.8138 , 87.7049 , 340.6323735354604 , 0.88 , 4.982230778264247 , 4.599576666731973 , 24.546250683504876 , 0.73 , ^ , 0
G.WUS , 41.200716 , 79.216498 , 339.5411986297529 , 0.6 , 5.8260247283381545 , 6.237431806525038 , 31.27819826842385 , 0.7 , ^ , 0
G.SOK , 14.494491 , -16.456299 , 356.17344042462605 , 0.53 , 8.972715213893107 , 7.30508727290956 , 4.364612466062781 , -0.22 , ^ , 0
IU.MACI , 28.2502 , -16.508199 , 355.3869440401835 , 0.78 , 16.706061850017054 , 10.045250630874964 , 3.5182795078498117 , -0.46 , ^ , 0
IU.DWPF , 28.1103 , -81.4327 , 17.868937688014213 , 0.48 , 1.5275448084051304 , 2.9717110990982434 , 10.388041737314659 , 0.54 , o , 0
II.AAK , 42.6375 , 74.4942 , 338.3662927270609 , 0.9 , 6.145454178422164 , 3.963731665236415 , 18.32809449514709 , 0.67 , d , 0
II.UOSS , 24.9453 , 56.2042 , 340.59294885707794 , 0.87 , 3.56188569211039 , 6.435456157847136 , 13.911248321274298 , 0.33 , ^ , 0
II.FFC , 54.725 , -101.9783 , 30.85646855699033 , 0.68 , 6.210856102788918 , 12.672948638330924 , 16.60517301041028 , 0.12 , ^ , 0
II.SACV , 14.9702 , -23.6085 , 358.6799915222549 , 0.73 , 5.281463768993904 , 5.001857533287149 , 4.291205101613404 , -0.07 , o , 0
IU.POHA , 19.7573 , -155.5326 , 13.84337741351041 , 0.93 , 5.296705416785372 , 9.709047309040603 , 8.864115264637245 , -0.04 , o , 0
IU.ANMO , 34.94591 , -106.4572 , 21.554080411019946 , 0.64 , 6.781693418244405 , 3.3772693567155363 , 6.8511121744929255 , 0.31 , o , 0
II.CMLA , 37.7637 , -25.5243 , 359.06050389606514 , 0.6 , 11.123351629402258 , 13.533216867060599 , 11.274103140676019 , -0.08 , o , 0
AK.B18K , 69.3641 , -161.8016 , 21.906593585670947 , 0.9 , 14.383862518626586 , 16.873927068775046 , 5.032916111563927 , -0.53 , d , 0
II.SIMI , 38.6585 , 69.0083 , 338.6356416614114 , 0.67 , 3.069001042145939 , 3.461855404778757 , 23.98432067728956 , 0.84 , d , 0
II.BORK , 53.0461 , 70.3184 , 333.76100414558687 , 0.17 , 2.719572569948053 , 11.089153654846754 , 32.61227270163606 , 0.47 , d , 0
IU.GNI , 40.148 , 44.741 , 336.81448769186426 , 0.94 , 8.420539104947354 , 7.4665836084789134 , 22.648603980553652 , 0.48 , H , 0
II.RAYN , 23.5225 , 45.5032 , 341.04615374510695 , 0.76 , 6.001482298488259 , 4.365352613252164 , 13.051454276878438 , 0.48 , d , 0
IC.LSA , 29.7031 , 91.127 , 343.58541703983127 , 0.36 , 6.942386369945249 , 3.8694366913769764 , 13.2905141371292 , 0.54 , ^ , 0